0.2651	0.5759	-0.0956	0.7548	0.5011	1
0.7291	0.0206	0.6366	0.3342	0.7522	1
0.3416	0.1967	0.0969	0.4868	0.4011	1
-0.4167	-0.3103	-0.9748	-0.5856	-0.0431	1
-0.1176	0.3243	-0.289	-0.6364	0.2623	1
-1.4138	-1.5358	-1.2756	-1.4183	-1.3249	1
1.2535	1.2533	0.6106	0.9259	0.7578	1
-1.4051	-0.9966	-0.933	-1.1288	-1.7172	1
-0.8256	-0.2672	-0.2306	-0.3254	-1.0293	1
-0.983	-0.4578	-0.8873	-0.6575	-1.159	1
-1.6331	-1.4823	-1.4723	-1.6559	-1.151	1
-0.5399	0.0721	-0.6303	-0.4408	-0.3768	1
-0.9555	-0.3129	-0.5586	-0.3731	-0.9241	1
1.1712	0.6876	1.1284	1.2531	1.3984	1
0.116	0.2363	-0.3598	0.5041	0.2573	1
-0.959	-0.5174	-0.4621	-1.3658	-1.3569	1
0.8509	0.7443	1.3862	0.6174	1.4521	1
-1.1455	-0.4263	-0.0499	-0.5353	-0.9892	1
0.2831	0.3766	0.4127	0.7272	0.1661	1
0.3057	-0.3428	0.237	-0.2227	-0.5571	1
-2.1798	-1.6384	-2.1015	-2.1499	-1.7383	1
-0.1737	0.042	-0.3362	0.4754	-0.5319	1
1.0264	1.3553	1.4176	0.96	1.2174	1
-0.1921	-0.4535	-0.2172	-0.6681	-0.3498	1
-1.0587	-0.6615	-1.523	-1.1796	-0.8498	1
0.6644	0.2108	0.7702	0.3465	1.0208	1
-1.2663	-1.3285	-1.5633	-1.2991	-0.6259	1
-1.3043	-1.2587	-1.1517	-1.3763	-1.6228	1
-0.7392	-0.466	-0.4525	-0.7991	-0.3036	1
-0.3043	-1.1814	-0.8674	-0.8753	-1.4622	1
1.73	0.6896	0.6828	1.2019	1.5517	1
0.3439	0.8525	0.8905	0.5914	1.0641	1
0.2607	0.1356	-0.1368	0.1863	-0.4351	1
0.4507	0.011	0.806	0.5915	0.4149	1
0.8318	0.7081	0.5239	0.7648	0.1309	1
-1.3823	-0.967	-1.4077	-1.3662	-1.6336	1
-0.6213	-0.6375	-0.8585	-0.7538	-0.6689	1
-0.1548	-0.0432	-0.398	0.1499	0.3508	1
-0.6346	-1.0659	-1.2574	-1.4318	-1.4747	1
0.439	1.1945	1.3786	0.6669	0.9426	1
-0.3052	0.0607	-0.2623	0.7462	0.3693	1
0.236	-0.4797	-0.8358	-0.3095	0.3017	1
0.1113	0.5748	-0.0797	0.3358	0.7001	1
0.4502	0.2986	0.8967	0.3534	0.689	1
-0.5565	-1.0514	-1.1434	-1.3643	-0.6929	1
-0.8195	-1.5072	-0.341	-0.6756	-0.8759	1
-1.9924	-2.014	-2.17	-2.0346	-2.2317	1
2.201	2.1966	1.7385	2.1322	1.6997	1
0.1641	0.5935	0.4908	0.1484	0.5269	1
-0.7251	-0.0971	-0.6502	-0.1705	-0.2492	1
-1.1289	-0.4823	-1.035	-1.0608	-1.7564	1
-1.422	-1.0308	-0.7821	-1.4431	-1.0844	1
0.4269	0.3578	0.577	0.9104	1.372	1
0.0569	-0.2212	-0.4799	-0.2048	0.2805	1
-0.414	-0.6848	-0.3767	0.1955	-0.2578	1
-0.276	0.0783	0.1751	0.2483	-0.0992	1
-0.1106	-0.8412	-0.7112	-0.5975	0.2761	1
1.9108	1.2891	1.8676	1.1778	1.5621	1
-0.2357	-0.0846	0.2083	-0.3407	0.304	1
-0.7665	-1.1503	-1.0739	-0.0161	-1.0032	1
0.2829	0.8559	0.4975	0.6152	0.3158	1
0.8773	0.9501	1.0252	0.9755	0.7621	1
1.8842	1.5149	2.1234	1.9719	2.0616	1
-1.4688	-2.2548	-1.732	-1.5375	-1.6178	1
0.4345	0.6894	0.0474	0.9725	0.2904	1
1.0369	0.8357	0.2591	0.4704	1.0198	1
-0.3436	0.523	0.0282	-0.1315	-0.4822	1
-0.8076	-0.7135	-0.3404	-0.4622	-0.1189	1
0.1637	0.3589	0.4747	0.123	0.5584	1
-0.2561	-0.6386	-0.6606	0.1605	-0.4093	1
0.0132	0.3019	0.5466	-0.1374	0.4406	1
-1.084	0.1171	0.0059	0.1084	-0.1968	1
-0.8602	-1.3819	-0.517	-1.5059	-1.2536	1
0.3387	0.3307	0.242	0.308	0.6204	1
0.6441	0.1754	-0.2853	0.1611	-0.0896	1
-0.1385	0.1215	-0.2129	0.3629	0.5793	1
0.1428	0.0212	-0.0782	-0.1311	-0.245	1
-0.0428	0.1289	0.5114	0.7539	0.7893	1
-2.0606	-2.0584	-2.4119	-2.6339	-2.1123	1
-0.9642	-1.1073	-0.639	-1.0865	-1.2266	1
-0.5101	-0.9973	-0.8065	-1.1817	-0.8424	1
1.8368	2.6055	1.5953	1.9309	2.627	1
-1.0441	-0.7587	-0.5927	-0.5194	-0.4645	1
1.3905	0.7645	1.6007	0.7616	1.2212	1
0.6771	0.4693	1.002	1.4112	0.4202	1
-0.0257	-0.0216	0.4135	0.3802	0.4569	1
-0.6152	-0.5038	-0.8712	-0.4848	-0.6819	1
-1.558	-1.0716	-1.0947	-1.5842	-1.4217	1
0.1992	-0.2393	-0.5906	-0.2103	-0.2698	1
-1.1338	-0.7852	-1.0545	-1.0779	-1.1486	1
-1.623	-2.0458	-1.476	-2.0166	-1.27	1
-0.013	0.1621	-0.2416	0.6502	-0.0682	1
0.769	0.9838	0.826	0.4313	0.7711	1
-0.5406	-0.6267	-0.8697	-1.0933	-1.0326	1
0.3822	0.8991	0.6635	0.0963	1.2136	1
0.1677	-0.3569	-0.16	0.0613	0.3367	1
2.2456	2.1148	2.0158	2.1933	2.3841	1
1.174	0.366	0.6614	0.7122	1.2513	1
-1.1789	-1.2365	-1.287	-0.9762	-1.6978	1
-0.1302	0.1587	-0.4165	-0.0185	0.0702	1
-0.2962	0.2967	0.4368	0.4053	0.5997	1
-0.6865	-1.1113	-0.9883	-0.5624	-0.9635	1
0.1569	0.2663	0.0856	-0.3076	0.1242	1
0.4769	0.3805	0.4773	1.2287	0.5838	1
3.1401	3.5118	3.5896	3.0733	3.9184	1
0.3303	0.057	0.4591	0.6217	0.0951	1
-0.9896	-0.8921	-0.6064	-0.5342	-0.1712	1
-0.3783	-0.9412	-0.8819	-1.4972	-1.5312	1
0.8359	1.7582	1.2651	1.1129	1.2182	1
-1.1385	-0.7768	-0.508	-0.906	-1.4174	1
-0.1824	-0.1782	0.0003	-0.502	-0.4685	1
0.7848	0.3664	0.7903	0.7346	0.5615	1
-0.1515	-0.0451	-0.2026	-0.757	0.3128	1
0.6743	1.2022	0.6103	0.5816	1.0987	1
-0.7221	-0.4567	-1.1549	-1.2264	-1.2879	1
-0.3246	-0.4591	0.1175	0.6458	-0.5182	1
-1.5897	-1.1596	-0.6752	-1.5615	-1.8291	1
0.1955	0.9162	0.4537	0.9518	0.4576	1
1.0436	0.522	0.5229	1.0731	0.574	1
0.2701	0.6251	0.4896	1.0526	0.8225	1
1.1347	1.0693	1.0161	1.6559	1.5673	1
-0.571	-1.0247	-0.9804	-0.6233	-0.3687	1
0.0191	-0.0589	-0.0036	-0.1052	0.0238	1
0.9261	0.2803	0.6901	-0.0749	0.8083	1
-1.6753	-2.4086	-1.5651	-1.7541	-1.8118	1
0.153	0.303	-0.1247	0.7117	0.2764	1
-1.3369	-1.0017	-1.108	-1.6623	-1.4923	1
1.0566	1.1141	1.3363	1.0143	1.0634	1
0.2197	0.3206	-0.125	0.279	0.4718	1
-0.2996	-0.3292	-0.2272	-0.1913	-0.5423	1
-0.6542	-0.7766	-0.5627	-1.184	-0.7699	1
-0.1874	0.2564	-0.0785	-0.1336	0.0408	1
0.6411	1.2441	0.8366	0.1447	0.4543	1
2.5063	2.6511	2.504	2.1065	2.0079	1
-1.4368	-0.3474	-0.9345	-0.3124	-0.9127	1
0.4127	0.805	-0.3793	0.1628	-0.087	1
0.0856	0.0504	0.1076	0.5708	0.2345	1
2.2524	2.0053	2.3394	2.3377	1.8484	1
0.7492	0.6795	0.7105	0.8989	0.1193	1
-0.9575	-1.5356	-1.3325	-1.4338	-1.2956	1
0.7601	0.8522	1.2653	1.2586	0.6832	1
-1.0403	-1.1471	-0.8499	-1.2096	-0.9613	1
0.8497	0.8266	0.9767	0.7206	0.3434	1
-1.7901	-1.6417	-2.6286	-2.353	-2.0933	1
-0.4148	-0.7669	-0.8014	-0.2789	-0.1919	1
0.0346	0.0697	0.1143	-0.0211	0.2338	1
1.0764	1.6663	1.6774	1.8744	1.5348	1
-1.2887	-0.9712	-1.5341	-1.4738	-1.7774	1
0.3692	0.2044	0.1814	0.7043	0.2009	1
0.1329	0.3646	0.5801	0.1901	-0.1517	1
1.2939	1.1033	1.3613	0.6548	1.2278	1
-1.3511	-1.1088	-1.4627	-1.2447	-1.2554	1
-0.1929	-0.353	-0.1432	0.1376	-0.4241	1
-0.5841	0.4076	0.1757	0.2907	-0.0516	1
-0.8125	-0.3011	-1.1889	-1.1339	-0.6304	1
-0.1267	0.0523	0.2845	0.7106	0.1815	1
-0.3755	-0.6825	0.0616	0.0385	-0.0293	1
0.0863	-0.3761	-0.0277	-0.5968	-0.0678	1
0.0756	0.2971	0.4848	0.2956	0.2992	1
-0.3209	-1.3931	-0.4156	-0.5613	-0.7129	1
-0.2263	-0.9725	-0.1066	-0.8345	-0.9329	1
0.3707	-0.0281	0.3049	0.3384	0.3122	1
1.9938	1.6888	1.3257	1.8398	1.6154	1
-0.4155	-1.163	-0.4975	-0.7873	-1.4555	1
1.3946	1.095	0.9099	1.1204	0.8642	1
-0.4853	-0.7267	-0.473	-0.3844	-0.7299	1
0.8531	1.2594	1.6233	0.7973	1.0005	1
0.8804	0.7109	0.3515	0.9783	0.7148	1
-1.1305	-0.8773	-0.9631	-0.5871	-0.5729	1
-0.8756	-0.6268	-0.217	-0.3888	-0.6158	1
-0.7841	-0.0548	-0.6017	-0.779	0.4042	1
-0.5862	0.1723	0.1775	0.2356	-0.1442	1
-0.221	-0.337	-0.4696	-1.0826	-0.7571	1
-2.296	-1.8813	-2.6922	-2.2824	-1.9584	1
0.8004	0.3843	1.0906	0.9583	0.4618	1
-0.2342	-0.1321	-0.0425	-0.5702	-0.8044	1
-1.6408	-1.2127	-1.314	-0.6804	-1.447	1
0.8666	0.6268	-0.0315	0.8316	1.2599	1
-0.5704	0.0109	-0.0728	0.0073	-0.1708	1
-1.4881	-0.981	-1.0729	-0.7022	-0.8151	1
1.4034	1.5916	2.0526	2.4045	2.3046	1
1.4781	1.1297	1.3976	1.7908	1.5609	1
0.1162	-0.158	0.2338	-0.2891	0.1309	1
-1.3996	-1.0472	-1.8961	-0.7672	-1.2961	1
0.0142	-0.4935	-0.1664	-0.2116	-0.1305	1
-0.0605	-0.3168	0.3152	-0.2411	-0.3367	1
-1.5022	-1.1722	-1.416	-1.4516	-1.0382	1
1.1712	1.0152	0.6117	1.084	0.8826	1
-0.3959	-0.2005	-0.5491	-0.8678	-0.0847	1
0.7383	0.2865	0.1681	0.4334	0.5761	1
0.202	-0.1571	-0.0905	0.3526	-0.053	1
0.8394	1.3007	2.26	1.4896	1.2979	1
-0.4475	-0.1468	0.5589	-0.0488	0.4505	1
-1.1454	-1.1587	-1.4507	-1.2779	-1.0602	1
0.7553	0.5737	0.5506	0.5548	-0.0624	1
-1.693	-1.0202	-1.8012	-1.1656	-2.1049	1
-1.0659	-0.7645	-0.5457	-0.1035	-0.2092	1
-0.1547	0.3191	-0.3268	-0.0332	-0.0274	1
-0.7525	-0.0616	0.1708	-0.5835	0.167	1
-0.1704	-0.0813	0.2186	0.0027	0.2367	1
0.9607	-0.7688	-2.5445	-2.7212	-1.7809	2
0.6727	-0.7363	-1.5549	0.4572	-0.6504	2
0.5938	0.1252	0.135	0.6743	-0.4601	2
0.686	-1.272	-0.96	-1.5085	-1.5263	2
0.5419	-1.6604	-0.3446	-1.0049	-0.5338	2
0.0203	-0.7247	-0.1626	0.6058	0.9297	2
1.4085	0.147	-0.3483	-1.6614	-0.6523	2
1.8796	1.6817	2.4565	2.3847	2.5553	2
3.2173	0.2604	-0.144	0.6544	-1.3226	2
0.7658	0.0058	-0.7679	-0.4936	2.3055	2
1.4211	0.4721	-1.1626	0.234	-1.3773	2
1.5574	1.3796	0.733	1.5409	-0.1185	2
2.4915	0.7801	0.0998	-0.8011	0.4382	2
1.5485	-0.292	0.2299	-0.5948	-0.9299	2
3.1717	2.285	-1.2071	-1.3213	-3.1102	2
2.1301	0.3873	0.3869	-0.0036	-0.5415	2
2.48	-0.3295	0.8196	0.2915	-1.2239	2
1.8901	0.835	-0.026	-0.593	-1.7686	2
2.027	-1.6309	0.4753	1.1197	1.1034	2
2.0381	-0.3202	-0.6138	-0.6602	-0.5075	2
3.3441	-0.3085	-2.1005	0.5504	0.737	2
1.2668	-0.621	-0.7633	1.114	-0.1401	2
2.9135	0.9242	0.2591	-1.1668	0.2537	2
0.6736	-1.474	-1.3905	0.6107	0.5882	2
2.2861	-0.1659	1.9056	1.3245	1.4587	2
1.2235	1.3245	0.0411	-1.3276	-1.5385	2
2.4277	0.6879	-1.7544	-0.867	-0.2949	2
1.545	-0.858	-0.1822	-0.3347	-1.708	2
1.8606	-0.6757	-0.3222	0.7676	-0.6002	2
-0.6009	-1.701	0.5913	-0.2639	0.0619	2
2.1417	1.3561	-0.048	0.6033	-2.0872	2
3.0126	0.5693	1.7503	0.166	-0.3462	2
2.2051	0.0106	0.2736	1.6913	0.7116	2
1.6661	-0.7821	-0.014	-1.2321	0.406	2
3.7934	1.1911	2.2816	2.8497	1.711	2
3.9088	-0.3375	0.7072	0.0656	-0.2295	2
0.3707	-0.1558	-0.1273	1.6137	-0.0594	2
1.128	-0.6099	-0.3122	0.3254	-0.8797	2
0.7989	-1.0501	-0.4921	-0.9503	0.5213	2
3.1432	-0.3137	1.5008	0.3065	-1.6637	2
0.5724	-0.12	-1.5075	0.1218	-2.1336	2
3.978	2.1747	0.1728	0.5649	0.2065	2
2.2533	-0.6417	-0.9967	-2.2312	-2.0455	2
3.4672	1.1937	3.6146	0.8257	0.3983	2
3.7203	0.738	0.6813	1.0374	2.3157	2
3.68	0.2064	0.5838	0.3831	-0.1762	2
2.058	0.3603	-1.4411	0.0393	0.0575	2
1.0087	-0.0477	0.5685	-1.4155	-0.7697	2
-0.2345	-1.0989	-1.4401	-0.706	-2.6685	2
1.2919	-3.0077	-1.5041	-1.915	-0.9383	2
3.6063	1.2013	0.748	0.016	0.7275	2
2.109	-0.4157	0.0711	0.2505	1.2388	2
0.3316	0.1963	-0.5488	-0.2459	0.5101	2
0.4611	-0.8229	-0.2266	-1.2379	0.0607	2
-0.1112	-1.3484	-2.2633	-0.428	0.3612	2
2.6442	0.4186	0.2075	0.389	0.4764	2
2.5582	-1.1138	-0.4975	-1.1014	-0.6033	2
0.5905	-1.2449	0.9816	0.5364	0.2595	2
0.2559	-1.7757	-0.7589	-2.591	-2.3769	2
3.05	1.7282	0.4564	0.6351	1.5979	2
2.7777	1.3523	1.0055	0.3329	-0.2993	2
1.9436	-0.8911	-1.0121	0.2955	0.1424	2
1.0813	-1.2193	0.1536	1.8342	-0.3428	2
3.1259	0.6378	1.3418	1.8523	0.7814	2
1.9035	1.1706	1.2096	0.0692	-0.2896	2
3.9289	-0.0101	0.048	-0.7691	0.9613	2
3.5745	2.7307	0.9917	0.0447	0.4992	2
4.1763	0.4214	1.4875	-0.0588	1.4755	2
5.0138	1.3369	1.1648	0.6238	1.7461	2
0.311	-0.3677	-1.0459	1.6302	0.4251	2
1.2943	-1.8446	-2.211	0.5025	0.5247	2
3.9265	-0.4855	1.5072	2.3191	0.5233	2
2.7775	1.3973	0.9916	1.9083	0.4741	2
0.1433	-0.051	-0.8057	-1.0804	0.1346	2
2.064	1.1531	1.5185	1.4235	0.52	2
1.5407	-2.6995	-0.4542	0.4728	1.0596	2
2.3089	0.6654	-0.0759	-0.5805	-1.7806	2
0.9812	-1.8127	-2.4429	-0.7248	-2.2234	2
2.3327	0.1816	1.1827	0.325	0.5991	2
0.4701	-2.6545	-0.0942	-3.0496	-1.7213	2
2.8785	-0.5382	0.2625	-0.1554	1.2908	2
3.4129	1.9629	2.1635	1.3449	0.8815	2
2.176	-0.282	0.1807	0.1928	2.302	2
1.0742	0.4792	0.1565	1.134	0.1937	2
-1.1992	-2.699	-1.7191	-2.6771	-1.2697	2
2.0785	-1.8977	-1.0435	-1.5322	0.1209	2
1.0402	-2.6397	-1.2343	-2.5388	-0.921	2
2.7158	1.549	1.3492	-0.1262	0.3066	2
1.4591	0.6095	-1.7065	-0.9366	2.5721	2
-0.1193	-1.66	-1.5839	0.6351	0.9069	2
2.6682	0.7012	2.0071	0.0042	-0.1877	2
2.2805	-0.4329	0.3813	1.6326	1.8468	2
1.5906	-1.4616	1.0681	0.8761	-0.4315	2
1.5386	0.6184	-1.6123	-0.4204	1.0721	2
2.2424	-1.5376	-1.775	-2.0256	-1.3095	2
3.8938	0.4494	0.7254	1.6716	-1.2247	2
4.8746	1.4917	1.4214	0.9521	0.3467	2
3.731	1.2142	2.2561	-0.6272	1.7591	2
-0.3871	-2.955	-0.3521	-0.8731	-1.3788	2
1.374	1.4559	-0.3703	0.1367	-1.1803	2
1.6771	-0.2432	0.4239	-0.8158	0.8654	2
2.1017	-0.3044	0.8382	-1.324	-1.3268	2
3.9402	-0.4717	1.2725	-0.1699	1.0074	2
1.4647	-1.9647	-0.7217	1.2296	-1.3391	2
0.2839	-1.0198	0.3812	0.2453	0.2874	2
1.2417	-0.5224	-1.1418	-0.4163	0.4973	2
1.8464	0.5072	0.7076	1.0493	-0.7243	2
1.216	-1.3907	1.3251	-0.1809	0.2851	2
0.4177	-2.1882	-1.9375	-1.6175	-1.4405	2
1.3299	-1.2448	-1.165	-1.1819	-0.7695	2
-0.1066	-1.1888	-0.7064	-1.1176	0.0164	2
-0.2186	-2.3851	-1.3855	-3.008	-1.0967	2
1.0984	-1.4369	-0.6829	-0.649	-1.3203	2
1.2176	-1.5629	-0.996	0.1162	-0.0109	2
0.2024	-0.6447	-0.3784	1.2428	0.1283	2
2.3745	-0.4489	-0.965	2.0034	0.7622	2
1.7122	-0.5419	-0.3823	-0.2472	-0.0886	2
1.6623	-0.0989	-0.1503	-0.8417	0.1622	2
1.3039	2.5208	-0.5169	-0.1593	-1.6891	2
0.7779	-1.1637	-1.4961	0.0916	-0.888	2
3.2845	1.6757	1.8781	-0.6885	1.4313	2
1.0115	0.9467	2.4271	-0.4422	-0.3296	2
-0.0639	-2.2336	-1.5403	-1.0073	-1.6466	2
1.1873	-0.275	0.4379	-0.1071	-0.1547	2
0.7334	-0.4468	-0.1045	-0.0438	-0.2674	2
3.115	1.6265	-0.7151	-0.035	-0.2148	2
-0.3785	-1.597	-0.8135	-2.4239	-1.6039	2
1.8329	1.5474	0.149	0.5461	-0.8865	2
1.5451	-1.3297	0.565	0.1548	-2.2021	2
3.5063	0.8948	-0.016	0.4911	-0.6904	2
1.1094	-1.34	0.719	0.8234	-0.8322	2
3.4297	1.4174	2.1677	2.0955	0.4858	2
2.1558	0.9956	1.5871	1.5964	2.2993	2
1.0469	-1.0522	-1.0229	-0.4767	0.0782	2
3.0464	0.8343	1.684	0.6508	0.4407	2
1.8163	-0.3712	-0.0267	-0.9632	-1.2902	2
2.0461	-0.6649	1.0664	-0.3624	-1.1933	2
2.579	1.1115	0.238	0.9918	0.3434	2
0.8196	-1.029	0.6758	-1.5029	0.277	2
-0.2707	0.607	-0.4077	-0.0691	-2.4475	2
1.164	0.7415	1.1782	0.0766	0.3565	2
0.6439	-1.803	-2.6934	-0.8776	-2.3985	2
0.3073	-0.3952	-1.2567	-0.0121	-1.148	2
1.0422	-1.6805	-1.3006	-2.5531	-3.3864	2
3.768	2.0972	1.1627	0.7563	1.1795	2
0.177	-2.5016	-2.237	-1.5522	-0.5819	2
0.3428	-1.2035	-1.4762	-0.9092	0.0887	2
0.6815	0.1162	1.5503	1.2085	-0.0627	2
1.6561	-0.7019	-0.0905	0.4874	1.1674	2
1.2396	-0.653	-0.2928	-1.1974	-2.0551	2
2.1642	0.048	-0.8379	-0.0805	-1.021	2
1.8795	1.5333	0.7728	-0.2615	-0.2622	2
1.5491	-0.4414	-1.7601	-0.7165	-0.5694	2
4.2911	1.2811	0.3105	1.5553	0.8182	2
3.4143	-0.3193	-0.3303	0.5741	0.6627	2
-0.1421	-0.8041	-1.5242	-1.9859	-0.369	2
0.8598	0.3214	-0.4372	-2.4741	-0.9341	2
2.4148	1.1861	0.216	1.1285	0.4908	2
-0.3463	0.0774	-1.1895	-0.7069	1.3385	2
2.7991	0.5339	0.2503	2.5442	-0.1079	2
1.5984	-0.5594	-1.8471	-2.6611	-1.3029	2
1.2557	0.1043	0.6235	0.1463	0.2612	2
1.9037	2.7125	1.218	-0.6147	0.05	2
2.077	0.0468	-0.414	-0.3846	1.2995	2
4.5236	2.0573	2.1974	2.1579	0.7188	2
0.2002	-0.9938	0.9131	0.4482	-0.5272	2
3.2106	1.8753	-0.4027	2.0222	-0.1828	2
1.5462	0.699	-0.0805	-0.144	1.2241	2
1.9511	-0.5042	-0.0279	-0.0957	0.2052	2
2.1156	0.8601	1.3604	1.2247	0.6167	2
2.8568	0.6995	0.1315	1.7676	1.9841	2
2.4027	0.7127	1.6249	1.4717	0.5662	2
3.195	0.8213	1.5012	2.8138	-0.1675	2
2.6259	-0.9554	-0.339	-1.0703	-0.2068	2
3.1101	2.1645	0.2411	0.9515	0.3749	2
1.5872	-0.3664	-0.3585	1.0226	-1.2713	2
1.3131	-1.428	-1.011	0.9359	0.1723	2
2.3817	-2.6351	-0.2462	0.8544	-0.2257	2
3.0307	-0.2598	-0.2421	-0.5274	-0.9515	2
1.642	-1.9019	-1.3581	-1.8999	-1.0858	2
2.1674	0.527	1.816	0.8935	0.6791	2
3.7758	1.2551	2.6568	1.0983	2.0535	2
2.8862	0.6778	2.3416	0.8741	1.1932	2
1.0552	-1.7392	-0.4377	-1.3709	0.3584	2
1.8093	0.0982	0.1144	1.8024	0.1704	2
2.8266	1.7857	0.8486	0.936	0.0826	2
0.4241	-1.7302	-2.1829	-0.5803	-0.4811	2
2.1079	0.7585	-0.6349	-1.1054	1.8401	2
3.0198	-0.3811	-0.2631	-0.6264	-1.3309	2
0.1794	-1.0807	-0.1377	0.1552	-1.1003	2
0.1817	-0.7874	-1.1549	-0.6257	-0.6495	2
2.8757	-1.246	0.3333	1.9273	0.1079	2
2.3319	2.1207	0.8669	0.1993	-0.0525	2
-1.3881	-1.3536	-1.9024	-2.2959	-0.7849	2
1.0266	-0.9256	0.3472	-1.3573	-0.0111	2
1.3385	1.4685	1.3374	-0.0584	-0.1453	2
1.1505	0.2357	-0.1654	-0.9553	-0.323	2
4.8984	2.0029	0.8483	0.6055	-0.7135	2
1.9548	-0.0344	-0.0031	-1.4303	-0.2274	2
1.7188	0.2068	-0.7576	1.7581	0.1042	2
2.9332	-1.3917	-2.6132	-0.6231	-1.1839	2
1.9789	-0.8135	-1.5315	-1.7922	1.023	2
0.3021	-0.1345	-2.9853	-2.1826	0.5943	2
2.1284	-1.2778	0.5302	0.3637	-0.8902	2
1.9162	-0.6778	-1.1298	0.3453	-1.4109	2
4.5148	2.1186	0.4427	0.6204	-0.8046	2
1.5664	-1.1685	-2.6149	1.2446	-0.7567	2
2.9908	0.7007	0.1569	0.8983	-1.093	2
2.7396	1.1593	0.3326	0.8072	1.384	2
2.0372	1.7977	1.9761	1.3422	3.1954	2
2.8621	-0.0731	0.0529	1.5345	0.7743	2
3.0064	2.2627	1.3117	-0.0779	-0.0111	2
2.0574	0.3974	-1.819	-0.2854	1.3878	2
2.3898	0.2789	0.9713	0.8714	0.7395	2
1.6055	-1.5692	-1.3877	0.7044	-1.0499	2
3.2075	0.1696	0.7115	-0.6794	-0.2697	2
1.6164	-0.1559	-0.0477	1.0054	0.4465	2
2.3972	0.2302	1.0856	-2.2167	0.0246	2
0.9675	-1.9536	-1.1643	-0.7028	-0.1202	2
0.7586	-0.9995	-0.3105	-1.0741	1.1003	2
0.4133	-0.0753	-2.2403	-1.8425	-0.9599	2
1.0631	-1.1167	-0.1687	0.0333	0.2987	2
3.3444	0.3792	-0.201	-0.5681	1.0054	2
-0.2252	-1.0828	1.1502	0.3469	0.2196	2
0.0145	0.1213	0.0995	1.5299	-1.8804	2
4.2148	0.5264	0.7418	2.4641	-0.6896	2
2.8713	-0.7482	-0.6026	0.7334	1.6731	2
1.6756	-1.6493	-1.7041	-0.4467	1.0321	2
0.6073	-1.0881	-1.912	-1.0322	-0.4252	2
3.7149	0.5851	0.7641	1.4789	-0.0855	2
0.4077	1.0753	0.2616	-1.2238	-2.584	2
-1.2603	-4.4622	-4.1175	-2.1871	-2.0061	2
0.2378	-0.4555	-1.8854	0.4023	-1.6037	2
2.6471	0.3048	1.3242	1.0133	0.9854	2
2.1359	1.2733	2.6299	1.0607	-0.5569	2
2.6291	1.2262	-0.2915	-0.3335	0.1429	2
2.2426	-0.2157	0.6898	-0.6977	0.2093	2
4.4201	3.9085	1.5479	3.3551	1.2505	2
-0.1791	-0.3426	-1.33	-1.3366	-1.5041	2
2.5241	1.0201	1.0935	1.1801	-0.0805	2
1.5195	-0.5078	-0.6135	-0.4133	-0.7841	2
1.1956	-2.3124	-0.0219	-1.5104	-0.6531	2
2.5245	-0.2498	-1.3165	1.9116	0.411	2
2.608	-1.7578	1.2193	-1.178	-1.4565	2
1.9535	1.0918	0.6136	0.4464	0.6839	2
2.5174	-0.0434	-0.5709	0.7096	-0.7405	2
3.3994	-0.1562	1.2801	-1.1897	-1.2036	2
0.2977	-1.5058	-1.2116	0.2464	-2.1646	2
2.8056	-0.7276	-0.9508	-2.2362	-2.4867	2
3.409	-1.1038	-0.779	-0.4875	-0.7717	2
1.1269	-2.2832	0.787	-1.3497	-0.1105	2
0.4136	-1.8065	-1.3179	0.0468	0.4242	2
0.7766	-1.5091	-2.0968	-2.1653	-1.591	2
2.0882	0.2416	0.4145	-2.0956	0.4984	2
2.3756	0.1572	-1.8492	-0.7775	-0.609	2
0.8604	0.8754	-0.3525	1.5554	1.8544	2
0.5885	-1.0108	-2.2504	-2.278	-1.2889	2
2.8053	-1.4577	-2.6256	-2.7503	0.0182	2
0.6284	-1.6151	-0.485	-0.0225	0.3466	2
2.0385	-0.3867	0.1702	0.3921	0.9807	2
1.7431	0.465	0.2337	-0.7273	0.0037	2
1.0448	-2.1527	-1.3273	-2.1004	-1.0303	2
1.3399	-1.0524	-1.3397	-0.0459	-0.7602	2
1.0572	-1.5486	-0.8529	-1.2193	-0.6549	2
1.413	0.4644	1.5036	-0.0005	3.4018	2
0.8587	0.3623	0.5857	0.73	-2.1147	2
1.6141	0.9952	0.1096	0.4133	-0.7408	2
3.7436	1.3826	0.2347	-0.086	0.8504	2
2.7188	0.6635	-0.3222	-1.3336	0.2608	2
1.05	-0.9427	0.8396	0.2069	-0.4355	2
0.6599	-0.6821	-1.1728	-1.7918	0.6581	2
1.7562	-1.0901	0.186	-0.1876	0.6206	2
2.7993	0.3797	0.0987	0.9949	1.251	2
0.8232	-1.4613	-1.4639	0.454	1.186	2
-0.3712	0.1783	-1.6013	-2.5353	-1.9401	2
1.6811	1.9763	2.2763	0.3066	0.8203	2
0.0465	-1.4341	-1.3344	-1.5181	-1.3468	2
2.6097	-0.0188	-1.1506	0.5574	0.1372	2
0.6133	-0.7538	-1.9866	-2.0738	-0.4533	2
3.2122	1.4589	0.3729	-0.2493	-0.404	2
4.0557	2.1502	1.2384	2.1947	0.7829	2
-0.226	-2.1735	-1.3323	-0.6236	0.0077	2
2.731	-0.2671	-0.0078	-0.4228	0.0582	2
-0.0675	-2.5575	-0.4301	-0.5573	-1.9084	2
1.8994	-0.0702	0.4237	-0.249	0.5861	2
3.9428	0.247	0.2367	-0.0206	0.052	2
3.5687	0.7136	1.5143	1.1718	-0.5281	2
1.1907	-0.6462	-1.077	0.1317	0.1077	2
3.0547	2.6845	1.1765	2.0403	3.4651	2
0.5189	0.2693	-0.4303	-1.5224	0.4408	2
-0.8672	-2.5886	-1.6194	-2.813	-2.8345	2
3.2342	1.1199	-0.7671	-0.304	-0.8065	2
2.2144	1.1028	2.3413	1.1464	0.7692	2
3.6474	0.6538	-0.3101	1.9983	0.1023	2
1.7082	-0.4104	1.3946	-0.3249	1.224	2
2.8359	0.0575	-0.3888	0.316	0.6612	2
0.8121	0.373	-1.945	0.0676	1.656	2
1.8683	0.3427	-0.2969	0.3729	0.2678	2
2.4011	0.801	-0.5978	1.3418	1.1938	2
5.1551	3.0293	0.9825	2.7403	1.137	2
1.1467	-1.0988	-1.4784	0.9649	-1.2044	2
3.2692	0.8729	0.8047	0.2108	-0.7998	2
0.8621	-3.0264	-2.1419	-1.8801	-1.1955	2
1.4889	0.9471	3.6135	-0.2505	-1.9564	2
-0.7814	-0.974	-1.0834	2.6952	0.2343	2
2.8349	1.5133	2.218	1.1702	0.5353	2
-0.2299	-1.3862	-2.1157	0.0553	-0.995	2
1.7002	0.9031	-1.4662	-2.0869	-1.4273	2
1.7824	-1.1758	-1.7539	-1.6203	-1.1441	2
3.514	0.2411	2.0145	1.0935	-0.6255	2
2.7097	-0.1884	1.6141	0.688	-0.2412	2
3.2989	-0.4275	-2.3386	0.334	0.0023	2
1.4526	-0.5603	0.678	-0.4055	-0.6091	2
1.7169	0.5575	1.3844	1.6823	1.555	2
3.2378	0.5461	1.1892	-1.1244	1.1094	2
1.6935	1.2787	0.2463	1.1416	-0.1264	2
2.022	0.7297	1.2853	0.5116	-0.2287	2
0.5968	-0.6082	-0.9577	-0.9895	0.0138	2
1.4632	-0.2529	-0.1133	-1.1401	-2.9833	2
1.4003	-1.1299	0.0237	1.6248	0.7919	2
3.1202	2.4723	2.3951	1.8215	-0.1299	2
4.2046	0.9276	0.9969	0.0568	0.707	2
3.1884	0.3856	2.2004	0.3711	1.0896	2
1.4977	-0.0712	1.2917	-2.2949	-0.1325	2
2.9327	1.3745	2.3421	-0.8017	-0.3999	2
-0.0932	-1.4228	-1.4885	-0.817	-0.3584	2
1.1834	-1.629	-1.7983	-1.79	-2.9645	2
1.9058	0.865	0.414	1.9184	2.2849	2
2.62	1.2914	1.3779	0.7567	-1.2032	2
1.3913	-0.1985	-1.4366	1.4041	0.4876	2
3.9771	0.78	0.7382	0.6637	-0.5045	2
2.517	0.4187	-0.9224	-1.1426	-2.149	2
2.6167	-0.0838	0.8962	0.4113	0.889	2
3.1381	1.4431	-0.1277	-0.1324	-0.2199	2
1.3754	-0.5472	-2.3059	-1.3319	-1.9605	2
0.3643	-1.0509	-2.5208	-1.4476	-2.2982	2
0.6537	-0.5659	-1.6237	-0.8011	-1.0624	2
2.013	-0.3416	0.4837	0.2567	2.0833	2
0.7154	-1.814	-0.9703	-2.0768	-1.1148	2
1.4772	0.5992	1.1076	-0.2857	0.664	2
-0.8733	-2.2777	-1.9061	-0.8569	-1.5127	2
0.8779	1.8869	1.1024	2.3003	-0.6579	2
2.6263	0.0286	-0.4013	-0.2003	-0.0628	2
3.27	2.0391	0.5234	1.7334	2.3796	2
2.1259	0.1931	-0.3131	1.2436	-0.66	2
1.7654	1.198	0.5551	-0.3165	-0.4552	2
1.4171	0.0675	0.7732	-0.9055	0.3454	2
3.2822	0.1088	0.0742	0.7408	1.5908	2
1.9863	-0.8165	0.6112	0.7496	1.283	2
2.9871	0.0396	0.8013	0.0856	-1.644	2
2.0572	1.3297	2.535	0.8417	1.2389	2
1.586	0.6603	0.0942	0.2912	0.1037	2
1.3155	-0.2052	-1.7877	-1.4556	-0.3813	2
2.2147	-0.0762	-0.449	-0.0738	-0.0457	2
0.8992	-2.483	-2.5818	-1.6104	-2.3202	2
2.6419	1.671	0.3057	-1.8071	0.4348	2
2.2922	-0.8422	0.1063	-0.3652	-0.5654	2
3.5975	0.8987	1.7494	0.6438	0.1544	2
-0.2557	-0.9842	-3.0656	-0.4282	0.0678	2
3.9332	0.3169	0.3253	0.6881	0.6617	2
3.0202	-0.2241	-2.0212	0.1404	-1.6225	2
1.5659	-0.7907	-0.0351	-0.5893	-0.0328	2
2.0366	-0.4378	-0.8306	0.2471	-1.3045	2
2.112	0.3115	0.2035	0.0834	-0.4962	2
3.4163	1.7075	0.9125	1.653	-0.0223	2
3.4106	-0.1718	1.5178	-0.5246	0.6045	2
2.9403	-0.9454	-0.1518	0.0885	0.2834	2
3.7384	1.6234	1.5114	1.2445	2.3907	2
2.4332	-0.3132	0.3803	2.421	0.7557	2
0.6759	0.1217	-0.5806	1.2281	0.9957	2
2.5562	0.7002	1.5247	0.1966	0.0929	2
-0.1875	-2.617	-1.3275	-0.1766	0.5883	2
1.7575	1.1481	1.0017	0.4667	0.9718	2
2.2114	0.0983	-0.1397	-0.7688	0.1106	2
2.478	-0.9871	1.3313	0.4381	-0.4661	2
1.9412	0.2068	-0.0527	-1.3893	0.9851	2
2.9541	1.1359	-0.0972	0.7894	-0.0246	2
2.336	1.4853	-1.1672	-1.0387	-0.7215	2
1.5401	0.4013	0.3766	0.4796	-0.3198	2
1.6156	-0.6764	-0.5884	-0.8235	-0.5894	2
3.0288	0.2658	-0.6658	0.5021	-1.5067	2
1.5294	-2.4612	-1.7675	0.1548	0.535	2
4.366	1.2742	1.6269	1.8396	-0.491	2
0.3128	-1.519	-1.2711	-0.957	-1.1797	2
0.5121	0.09	0.0995	0.0754	1.1633	2
2.7143	-0.3289	0.3416	0.6707	2.2006	2
1.2423	-1.255	-2.6787	-1.6666	-1.0179	2
2.1681	-0.0637	-0.4623	1.08	0.2725	2
3.2203	-0.1598	1.5732	-1.9777	0.0048	2
1.8118	-0.7801	-0.8091	0.247	-0.4428	2
2.6775	0.3988	0.1784	-0.3755	1.2162	2
1.733	0.2235	-0.4328	0.0705	1.1116	2
2.9139	1.7971	2.5622	1.6369	1.9416	2
0.212	-1.427	-0.2769	-2.5952	-1.2677	2
1.9944	0.2959	0.5395	-0.9197	-0.5656	2
1.4783	-2.6689	-0.0771	-0.4935	-1.3154	2
0.4356	-2.43	-0.5743	0.15	-0.5729	2
-0.7086	-1.8372	-1.4227	-0.2406	-1.1703	2
1.2709	0.3858	-0.3982	-1.0363	-0.1064	2
2.5012	1.3581	1.7233	1.3763	1.3943	2
2.1298	0.5811	1.5344	0.9579	2.1505	2
3.3654	-0.2016	-0.0962	0.3973	-0.3697	2
1.731	0.6491	1.0702	0.9092	0.4098	2
3.4657	-0.5203	0.4953	-0.2915	-0.3481	2
2.1411	0.9099	1.7424	0.1476	2.782	2
0.5852	-0.8735	0.1411	-1.6114	0.3141	2
0.2283	-2.1458	-2.1124	-1.875	-1.1928	2
2.985	1.787	0.7194	-0.1549	1.3203	2
2.3746	0.4257	-0.8107	-0.5651	-0.241	2
2.5437	2.385	2.683	1.1505	0.2323	2
0.071	-2.6228	-1.9606	0.6462	0.2111	2
1.5753	0.3011	0.5627	-0.3894	-0.844	2
3.0226	0.9881	-0.5705	0.0066	0.1252	2
1.3885	0.4577	0.2737	0.6225	-1.4041	2
2.0806	-0.325	-1.7178	0.3739	-0.0123	2
2.6506	0.7797	1.9743	0.3523	-1.2519	2
2.2602	-1.3052	-0.1015	0.6039	-0.5558	2
1.8383	0.0245	2.657	0.4845	2.72	2
2.2068	-1.0584	-2.9235	-2.0938	-0.1745	2
1.5407	-0.7948	0.6467	0.8939	-1.3718	2
1.4855	-0.8257	0.5199	-2.1802	-2.1985	2
-0.3493	-2.1767	-2.0094	-1.9365	-1.3227	2
1.6329	-0.9498	-0.4717	0.3717	0.5378	2
2.3986	1.0539	2.0243	-1.0503	-1.2617	2
2.3766	0.0112	-1.0834	0.3806	2.1511	2
2.9022	0.8077	0.3226	1.8611	2.1929	2
0.6119	-0.0587	0.1378	-0.6236	-0.4977	2
2.5658	0.4932	0.2748	-1.0071	1.3074	2
2.1951	0.1494	0.5411	-0.9539	0.403	2
3.5612	1.2164	0.9745	0.7306	0.3065	2
3.686	1.0991	0.3319	1.1823	-0.3066	2
1.1298	-1.9748	-0.3509	-0.2801	0.4812	2
3.7918	2.3268	2.5628	0.9167	-0.7404	2
0.9706	-0.2171	-2.14	-1.6216	-2.4916	2
3.3624	2.5326	-0.7082	1.3802	0.2191	2
0.5262	-0.2089	0.0145	0.8438	0.5914	2
-0.2176	-2.9348	-0.3357	-1.9888	-0.9154	2
1.3736	0.4421	0.6636	0.6235	1.0951	2
2.4317	0.7571	-0.1312	0.2906	-0.6549	2
1.9878	0.4199	-0.321	-1.4726	-0.9794	2
1.3068	-1.7651	-0.6226	-0.5258	-1.6686	2
3.4563	-0.1199	0.2979	0.4065	-0.2472	2
1.873	0.9258	1.153	1.5688	-0.9545	2
0.2803	-1.1056	-0.2075	-2.1513	0.2354	2
1.9207	-0.5378	-1.8391	-0.8405	-0.3932	2
3.5701	0.4295	0.6506	0.6034	0.5045	2
2.3143	-1.6064	0.3819	0.3656	-0.1944	2
1.7435	1.0592	2.0198	1.021	0.8249	2
0.8568	0.2391	-1.2168	0.1906	-0.314	2
1.0577	-0.9952	-1.2671	0.2292	-2.0178	2
2.2517	2.5119	1.2733	0.8122	-0.0329	2
4.0769	0.7336	1.5625	0.5572	-0.1674	2
0.0032	-2.9132	-0.9734	0.1653	-0.4816	2
0.0589	-3.0997	0.448	0.7402	0.1106	2
1.4987	-1.808	-2.5528	-0.9285	0.2595	2
-0.4561	-3.2565	-1.9401	-0.6127	-1.1798	2
1.152	-1.0634	0.2564	1.0945	0.8166	2
2.5878	0.3976	1.3186	-0.7215	0.5821	2
4.6088	2.6168	0.0526	1.9435	2.4843	2
0.2676	-0.8654	-0.3933	0.553	-1.1601	2
1.2839	-0.5131	-1.3985	0.1599	-1.6583	2
1.1514	-0.2477	-0.7761	1.1651	-0.6874	2
2.5994	1.2647	-0.1123	0.8344	-0.8021	2
3.9504	0.756	0.0919	1.6096	2.5172	2
2.6085	1.6607	1.5009	0.2089	0.7269	2
1.7426	0.55	0.4211	-0.3077	0.6491	2
3.152	-0.7211	1.4823	0.0262	-0.3587	2
3.0162	1.1013	1.3084	-0.7811	0.2842	2
1.6307	-0.7384	-1.0301	-1.3221	-0.9885	2
3.483	0.9098	0.6551	2.7431	2.3738	2
2.535	-0.6824	0.1623	0.4942	-1.0837	2
2.6084	0.8653	1.5757	-0.8985	-0.3915	2
0.5383	1.5924	-1.0356	-0.2409	-1.3296	2
1.7767	1.0372	0.73	1.8371	1.401	2
2.1062	0.2743	-1.2706	-1.2299	-0.2512	2
1.5124	0.8638	-0.4696	0.1052	-0.1143	2
1.0425	-0.2853	-0.1672	-0.4784	-0.9615	2
2.8143	1.0202	1.2784	-0.456	0.0035	2
3.9824	0.5325	3.095	0.9669	1.248	2
3.1556	0.3949	0.0543	2.8466	2.3871	2
1.6666	-0.1226	0.1452	1.4234	-0.5145	2
3.4494	1.317	0.3758	0.9142	1.4634	2
1.1434	-0.1028	-0.1863	-1.6658	0.056	2
2.8784	-0.0115	-0.1811	-0.2183	0.2866	2
1.5971	0.8674	1.5968	0.6902	-1.8674	2
2.0293	1.3678	1.2257	0.8754	1.0884	2
0.2147	0.1108	-0.5297	-0.6312	-0.2883	2
1.82	0.6749	0.3619	0.9565	-0.9309	2
2.8096	1.3031	2.0634	0.9621	1.4942	2
0.4979	-0.4908	-0.1902	-1.1329	-2.8162	2
2.6155	-0.4904	-0.6949	-0.3595	0.0324	2
1.9973	0.5226	-0.4841	0.0078	-1.5357	2
0.7309	-1.6404	-1.7713	0.2531	-0.1639	2
2.7442	1.5992	0.7584	0.5102	0.7326	2
1.2807	1.2021	-0.978	-1.3749	-1.5638	2
1.1534	-2.0855	-0.5118	-1.7474	-0.4469	2
1.0401	-0.2799	-1.0743	2.519	0.8448	2
3.0237	-0.482	0.7307	0.8926	-0.0281	2
3.1794	1.5588	2.7524	0.9069	1.4961	2
3.8615	0.7781	1.0247	-1.0487	-0.6625	2
2.48	-0.429	0.04	3.061	0.3823	3
1.7628	-0.2054	1.0468	2.5515	-0.6238	3
2.3071	-0.4129	-0.276	1.4172	-1.2111	3
1.7477	-0.5603	-0.919	1.2161	-0.4355	3
2.6643	0.1838	0.2599	2.2084	0.0176	3
2.0513	-0.7688	-1.3816	0.1995	-0.7701	3
2.432	0.6524	1.3185	1.398	-0.3833	3
2.8202	1.2984	0.1852	1.1478	-0.4373	3
2.3353	-0.7487	0.3213	2.6968	0.9063	3
3.8254	1.7191	1.7633	2.2322	1.2444	3
2.6242	0.2908	1.5263	2.3663	1.1702	3
-0.5554	-2.1366	-2.2709	0.9394	-0.484	3
3.3457	1.0475	0.5054	2.9823	0.6656	3
2.0517	-0.5593	0.4789	2.3314	-1.6506	3
1.1904	-0.9678	0.8847	2.4768	0.7907	3
1.2644	0.2441	-0.0266	1.9007	-0.2566	3
0.6638	-0.0117	-1.5409	0.5628	-1.8466	3
1.6322	-1.3728	-0.9332	0.3497	-1.5953	3
1.2444	-1.738	0.8079	1.6155	-0.1751	3
1.7476	1.0903	1.025	2.8048	0.8545	3
1.8198	1.1478	0.7764	2.9959	-0.85	3
0.7762	-1.4805	-1.1163	0.2625	-0.784	3
1.382	1.0232	-2.0954	0.6008	-0.5567	3
2.5825	-0.7148	0.0817	1.4238	-0.9581	3
2.4475	0.22	0.3965	2.1632	0.396	3
2.46	1.4872	0.383	3.2914	0.754	3
2.0906	0.1355	1.3552	0.3605	0.4772	3
2.1601	0.9133	0.8267	3.1473	-0.0678	3
2.5678	-0.1616	-0.1351	3.328	-0.8273	3
0.3005	0.1019	-1.4391	-0.0039	-1.4336	3
2.3639	0.2193	-0.2359	1.9173	-0.5453	3
2.7357	1.2399	0.0177	0.8049	0.3897	3
3.8608	0.6686	0.7901	3.6702	1.2285	3
0.9868	-2.0958	-2.3069	-0.3087	-2.2145	3
2.6789	1.1384	-0.1119	2.9709	0.3519	3
2.9144	1.9772	0.7813	2.9149	1.4911	3
1.8786	-0.3438	0.7288	2.1755	0.4925	3
1.3618	0.4701	0.426	1.5154	0.0068	3
0.3863	-1.2983	-0.4588	1.687	-0.704	3
2.1146	0.3984	-0.1922	2.051	-0.4052	3
1.4689	-1.0392	-0.2454	1.5796	-0.1756	3
2.8704	0.078	0.1026	1.9264	-0.1342	3
2.5043	-0.9749	0.1555	1.2573	0.8912	3
0.8151	-0.0537	-1.0504	1.0808	-0.0963	3
2.3736	-0.8691	-0.1674	2.0598	-0.0109	3
1.6297	0.0323	0.2604	2.3485	0.6133	3
1.1624	-0.8173	0.3922	2.0652	0.8841	3
0.847	-0.8912	-0.3223	0.7761	-1.8584	3
1.9919	0.5873	-1.2125	2.3278	0.2259	3
1.6219	1.2788	-0.1671	0.9118	0.5125	3
1.6087	1.0389	-0.7161	2.031	-0.4426	3
2.7951	0.5451	1.7657	1.6956	0.7357	3
0.3027	0.1839	-1.3678	0.3642	-0.6254	3
0.6407	-1.1211	-2.7093	0.9563	-0.7338	3
1.0355	-1.3995	-0.7734	1.6908	-0.3886	3
2.4986	-0.9369	-0.5176	2.1935	-0.0312	3
2.1321	-0.715	0.8769	0.8491	0.8792	3
1.05	-0.5883	-1.6728	2.337	0.2574	3
1.2755	-1.0484	-0.9788	1.1946	-0.6783	3
3.4148	0.9653	1.307	4.2433	1.5188	3
2.0046	-0.1889	-1.0862	1.4721	-0.8462	3
2.4946	1.1084	0.7621	3.0164	-0.3658	3
-0.068	-0.8903	-1.7113	1.4946	-0.919	3
1.7319	-0.8894	-1.6574	1.7589	-0.3016	3
1.7854	0.6125	0.3926	1.3233	0.233	3
1.3159	-1.7828	-2.139	0.9459	-1.1531	3
2.3526	0.049	0.4197	3.1291	0.961	3
2.974	0.5026	0.381	3.4336	2.4801	3
1.8704	-0.4191	-0.6655	1.6849	-0.7372	3
1.3477	-0.9513	-0.9348	1.9646	-1.0856	3
1.4003	0.115	-0.6882	2.5124	0.563	3
2.8834	0.4952	0.3938	1.5775	0.2261	3
0.9264	-0.6947	0.7962	2.3596	-1.2601	3
1.9047	-1.2135	-1.3586	2.3361	-1.8298	3
2.5368	-0.1818	0.8988	2.3625	0.8344	3
1.8493	-1.4512	-0.0806	2.6928	-0.0102	3
0.5687	0.0593	-1.1372	1.5751	-1.8601	3
2.3049	1.163	0.4789	3.4353	0.1838	3
1.8604	-0.1109	0.7806	1.3904	-0.742	3
1.5333	-1.274	-0.1145	1.9704	-0.0247	3
3.6007	0.6347	-0.7262	2.9758	-0.0416	3
0.4632	-1.8098	-3.7729	0.9461	-2.5653	3
0.9756	-0.7528	-0.5979	2.1	-0.4552	3
0.1866	-1.0458	-0.5055	0.5142	-0.4031	3
2.9579	-0.5487	-0.196	2.3375	0.5022	3
1.6603	0.6461	0.0054	1.5468	-0.6888	3
2.0276	0.667	0.178	2.2035	0.2825	3
1.9899	-0.3964	1.1543	1.2453	0.0661	3
3.3325	1.0306	0.1605	2.2628	0.1053	3
2.195	-0.5828	0.4625	1.8153	0.4224	3
0.9236	-1.4754	-0.8004	1.8615	-0.0817	3
-1.0608	-3.521	-2.6722	0.6516	-2.364	3
2.0809	0.5143	-0.3997	1.0414	0.0396	3
2.3013	-1.1101	1.2104	1.5418	-0.2057	3
1.9549	0.2939	0.9517	2.6412	0.166	3
2.3563	-0.8093	0.3332	2.2354	-0.0668	3
2.5756	1.7328	0.427	0.9834	1.6319	3
2.1296	-0.0389	-0.5201	1.8824	0.3696	3
2.1856	-0.2419	-0.6391	2.2385	-0.636	3
2.3275	1.057	0.6039	2.4028	0.0824	3
2.9704	0.8597	0.4266	3.3631	-0.2301	3
2.1063	0.0378	0.6118	2.4816	0.4478	3
2.5117	1.0752	-0.7521	2.3906	0.8123	3
2.4231	-0.2016	-0.5217	1.5175	0.0623	3
0.4313	-0.8285	-0.7791	0.9709	0.1581	3
0.6521	0.3047	-0.824	1.2781	1.012	3
2.0036	0.7558	0.0666	2.363	0.9751	3
1.8796	-0.9823	0.9467	2.9172	0.4427	3
1.9436	-0.71	1.1169	2.1012	1.008	3
1.8873	0.6966	0.3851	2.2778	0.7319	3
1.712	-1.5092	-1.9095	1.5611	1.3656	3
2.9756	-0.1221	0.9487	1.9782	-1.5856	3
2.9394	0.9094	-0.8744	2.8632	-0.2904	3
3.2597	1.2531	1.4868	3.2821	1.2074	3
2.3035	-1.0638	-1.1959	1.6444	1.4925	3
2.175	-0.2984	0.9954	2.3058	-0.2115	3
1.8907	0.3199	-0.4268	3.2865	0.4416	3
2.3532	0.4941	0.3437	1.6533	0.1	3
2.8012	-1.3079	0.2084	0.2129	-0.0253	3
0.7899	-0.482	-0.6456	0.9217	-0.1024	3
0.864	-1.0097	0.3217	1.3423	-0.4854	3
2.4173	0.8133	0.9954	3.3922	-0.0695	3
2.8286	1.435	0.6341	1.464	-0.0038	3
2.0911	0.8333	0.333	2.6986	0.3626	3
1.8907	0.5548	-0.5105	3.3867	-0.6215	3
2.3005	-0.1222	-0.0738	2.2313	-0.098	3
2.4542	1.2115	2.3267	2.526	0.8179	3
1.823	-0.0502	1.7908	2.3279	-0.1316	3
1.8236	1.1812	-1.9473	0.2266	-1.6147	3
2.708	-0.167	0.3705	2.5201	-1.556	3
2.4176	1.8157	2.4017	3.7469	1.1932	3
2.9466	0.6835	1.1256	3.6624	1.783	3
3.1942	0.1169	0.756	2.9759	0.0155	3
1.9074	-0.079	-0.9229	2.2106	-0.2898	3
1.8688	1.9813	1.1461	3.6292	0.3389	3
1.1475	-1.7085	-1.1257	1.3117	-0.7613	3
2.8184	0.8457	-0.593	1.1092	-1.2155	3
3.5415	1.8769	1.608	2.3409	0.4785	3
2.5628	0.0872	-0.9491	1.7202	0.0068	3
3.1859	0.9504	1.3775	3.1651	-0.4535	3
1.6142	0.7304	0.9481	2.5484	-0.4573	3
1.9123	0.0759	0.156	1.3256	-0.1257	3
0.5341	-0.6498	-0.6794	1.2154	0.0948	3
2.9554	-0.9406	0.521	1.8116	0.1944	3
1.648	-0.1197	0.5185	2.8133	0.1751	3
1.3441	-0.5866	-0.8197	0.4877	-0.9207	3
1.7152	0.2076	-0.809	1.7601	0.1835	3
1.774	-0.3936	-0.9901	0.7123	-0.3933	3
1.2858	-1.2944	-0.8803	1.0605	-1.0025	3
3.6111	0.8452	-0.4794	3.4805	0.1173	3
2.3538	0.3887	0.9238	4.0253	1.2085	3
1.5184	0.0933	-0.1824	1.5602	0.9891	3
1.8822	-0.2152	-0.318	2.1714	0.7733	3
1.2375	-1.876	0.0741	0.9136	-0.6701	3
1.6515	-0.1913	-0.1555	1.1956	-0.1419	3
0.4161	-0.3029	0.7635	1.267	-1.4871	3
2.9709	0.4924	-0.1929	2.7585	0.4436	3
1.3973	0.776	0.8282	3.0687	-0.0343	3
2.4019	-0.027	-1.8583	2.3567	0.1018	3
2.0716	-1.5175	-2.4306	0.6294	-0.4551	3
4.1004	1.4596	0.8671	2.2669	1.0757	3
1.9673	0.1559	0.95	0.5604	-1.2036	3
1.1689	0.3057	0.5286	1.1545	-0.3165	3
1.2815	-1.192	-0.9073	2.2233	-0.4089	3
1.4295	-0.6368	-0.7578	0.1352	-0.9801	3
2.244	0.4722	-0.3067	2.4333	0.6459	3
1.1688	-0.8363	-1.5036	1.6671	-0.3724	3
1.6384	-0.543	-0.2972	1.4178	0.1886	3
2.0386	-0.7724	-0.6793	2.3983	-1.0322	3
4.5725	2.3323	1.1706	4.3465	1.767	3
0.5839	-0.1939	-0.737	1.7517	0.004	3
2.6609	0.1641	0.0185	2.9046	-0.0023	3
1.9225	-0.1042	-0.6021	1.1158	-0.3714	3
1.8062	-0.6311	-0.2937	2.7306	0.7033	3
1.9221	1.3075	-1.0459	1.8213	0.4178	3
2.8371	1.5241	0.4006	2.6191	1.4896	3
1.6992	-1.5668	-2.0458	1.606	-1.2643	3
1.2217	-0.071	-0.0038	1.9593	-0.0673	3
1.8454	-1.4802	-0.7905	1.7728	0.611	3
1.9591	0.4302	-0.4993	2.1385	-0.7496	3
3.5426	1.0115	0.6599	3.1931	0.5045	3
3.1027	0.6035	0.7337	1.5193	0.4612	3
0.658	-1.9957	-0.4942	0.1351	-1.1939	3
2.8835	0.4249	-0.3504	0.6561	0.5494	3
-0.1843	-2.0197	-1.2286	0.7072	-1.3833	3
2.2384	0.5887	0.9788	2.6029	1.5852	3
2.1092	0.737	-0.0914	2.2843	-0.5544	3
0.3596	-1.879	-0.5489	-0.297	-1.4736	3
1.0135	-0.5694	-0.3716	1.3253	-0.3949	3
2.8884	0.5572	-0.3659	2.6753	1.6247	3
1.4362	0.6392	-0.1119	4.0624	0.6394	3
1.3511	-0.9662	-0.6372	1.1626	-0.6795	3
0.7969	-1.8164	-0.6909	0.8446	-1.8896	3
0.5578	0.2988	-1.0758	2.1206	0.0043	3
2.4943	0.1261	0.1463	2.7045	0.142	3
2.3402	-2.0386	-1.1891	0.7215	-0.2832	3
0.959	0.5791	-0.891	1.1428	-1.1243	3
1.1138	0.7891	0.1574	2.9895	0.0347	3
2.5087	1.6366	0.8858	3.1465	1.164	3
2.0759	-1.1724	0.2807	0.7138	0.2668	3
1.0199	0.5443	1.5862	0.0362	0.0343	4
1.0459	0.564	1.5843	0.084	0.0441	4
1.0941	0.5692	1.5148	0.0236	0.0016	4
1.0869	0.5206	1.5627	0.0586	0.0784	4
1.094	0.5147	1.544	0.0756	0.0658	4
1.0573	0.5394	1.5679	0.0622	0.0014	4
1.0889	0.5023	1.5731	0.0972	0.0439	4
1.0731	0.5224	1.5844	0.0219	0.0135	4
1.0728	0.5049	1.5809	0.0987	0.0174	4
1.0389	0.5378	1.5414	0.0381	0.0478	4
1.0833	0.5716	1.5135	0.0956	0.0898	4
1.0409	0.5711	1.5133	0.0524	0.0687	4
1.0128	0.5704	1.556	0.0774	0.0092	4
1.0923	0.5564	1.5049	0.0246	0.0599	4
1.0488	0.5191	1.5737	0.048	0.0327	4
1.0411	0.5772	1.5496	0.0917	0.0715	4
1.0102	0.5438	1.5336	0.0426	0.0524	4
1.0261	0.5265	1.5179	0.0937	0.0574	4
1.0322	0.5356	1.5643	0.0321	0.0541	4
1.0971	0.5872	1.5585	0.0005	0.0314	4
1.0965	0.5195	1.5992	0.0919	0.0995	4
1.0015	0.5856	1.5691	0.034	0.0119	4
1.0014	0.5818	1.574	0.0994	0.0107	4
1.0515	0.5753	1.5902	0.0225	0.0778	4
1.0289	0.5394	1.529	0.0298	0.0312	4
1.0274	0.5335	1.5691	0.0828	0.0959	4
1.007	0.5575	1.5778	0.0969	0.024	4
1.0075	0.5313	1.5433	0.048	0.0569	4
1.0864	0.5684	1.5597	0.0885	0	4
1.0789	0.5632	1.5677	0.0183	0.0831	4
1.0356	0.5593	1.5886	0.0868	0.019	4
1.0049	0.5202	1.5362	0.0251	0.0193	4
1.0344	0.5475	1.5287	0.0463	0.0149	4
1.0192	0.5236	1.5369	0.0815	0.0053	4
1.0681	0.5454	1.5502	0.0698	0.0275	4
1.0728	0.5902	1.5611	0.0436	0.0995	4
1.0921	0.5567	1.5716	0.0052	0.0308	4
1.0731	0.5071	1.5016	0.0334	0.0489	4
1.0504	0.5376	1.5468	0.0128	0.0203	4
1.0141	0.5942	1.5026	0.0046	0.0577	4
1.0748	0.5975	1.5259	0.0697	0.0782	4
1.0086	0.5394	1.5642	0.077	0.0621	4
1.0013	0.5099	1.5529	0.0609	0.091	4
1.0144	0.5648	1.5134	0.0393	0.099	4
1.0356	0.5384	1.5834	0.0373	0.0838	4
1.0305	0.5689	1.5816	0.0079	0.0116	4
1.0673	0.5361	1.5447	0.0625	0.0476	4
1.0879	0.5148	1.5844	0.0265	0.0862	4
1.0479	0.5537	1.5092	0.0207	0.0505	4
1.0124	0.5458	1.5432	0.045	0.071	4
1.0528	0.5049	1.5831	0.0325	0.0951	4
1.0164	0.5391	1.5025	0.0977	0.0389	4
1.0726	0.5872	1.5002	0.0655	0.0173	4
1.0847	0.5191	1.5346	0.0507	0.0483	4
1.054	0.5648	1.5203	0.0788	0.0573	4
1.0452	0.573	1.5838	0.0117	0.0288	4
1.0519	0.5749	1.525	0.0803	0.0963	4
1.0175	0.5962	1.5712	0.0169	0.0617	4
1.0958	0.5818	1.5166	0.0211	0.0707	4
1.0013	0.5372	1.5255	0.065	0.0523	4
1.0433	0.5699	1.5043	0.0186	0.0629	4
1.0226	0.5799	1.5933	0.0801	0.024	4
1.031	0.5743	1.5103	0.05	0.0772	4
1.0805	0.529	1.5923	0.0922	0.0129	4
1.0468	0.5424	1.5802	0.0141	0.0641	4
1.0712	0.5756	1.5728	0.018	0.0998	4
1.0762	0.5731	1.5349	0.0934	0.0656	4
1.0128	0.5564	1.5855	0.0445	0.0423	4
1.0609	0.5265	1.5558	0.0336	0.072	4
1.0221	0.5689	1.5842	0.0212	0.0931	4
1.0533	0.5207	1.584	0.0425	0.0938	4
1.0516	0.5845	1.5368	0.0073	0.0207	4
1.0327	0.5492	1.5687	0.078	0.0426	4
1.0392	0.5075	1.5894	0.0633	0.0514	4
1.0362	0.5445	1.5861	0.0468	0.0545	4
1.018	0.5091	1.5726	0.0202	0.0565	4
1.0421	0.5118	1.5903	0.0046	0.0094	4
1.0842	0.588	1.5902	0.0432	0.0738	4
1.0066	0.5986	1.566	0.088	0.0687	4
1.0991	0.5692	1.587	0.0346	0.08	4
1.0528	0.5767	1.5935	0.0526	0.078	4
1.0506	0.555	1.5512	0.0247	0.0547	4
1.0229	0.5788	1.5179	0.0461	0.0478	4
1.072	0.5079	1.5695	0.0878	0.0381	4
1.0761	0.521	1.5772	0.0516	0.0744	4
1.0212	0.5241	1.5108	0.0879	0.0025	4
1.0633	0.5979	1.5022	0.0134	0.0262	4
1.0494	0.5432	1.5414	0.0703	0.0775	4
1.0477	0.5276	1.5616	0.0247	0.0263	4
1.0778	0.5528	1.5702	0.0181	0.0042	4
1.0923	0.5159	1.5966	0.0263	0.0371	4
1.0303	0.5315	1.5704	0.0953	0.0543	4
1.0647	0.5694	1.5403	0.0955	0.0836	4
1.0093	0.5263	1.5958	0.0962	0.0908	4
1.0152	0.5087	1.5277	0.0331	0.06	4
1.0843	0.5406	1.5732	0.005	0.0071	4
1.0139	0.5083	1.5908	0.0789	0.0019	4
1.0946	0.5199	1.5821	0.0102	0.0422	4
1.0361	0.503	1.5505	0.0117	0.0866	4
1.0702	0.5181	1.5292	0.0896	0.0652	4
